391
0,40.63426289460799,47.80151474772697,9
14,7.644463056990309,0
15,5.256678457748486,0
16,4.365386807020392,0
17,5.498628192804905,0
30,7.782622172731779,0
31,6.6208667346527825,0
32,7.290342076117296,0
33,8.441931793802372,0
45,9.327534562032875,0
1,29.010606174532796,47.47596917733274,3
17,8.943066365400892,0
18,3.398341729518195,0
19,3.5084868561043465,0
2,15.606838633323937,46.95265448753838,9
3,3.7233982376848616,0
4,6.909495662027067,0
20,2.8308497200679295,0
21,5.07500821273353,0
35,5.794275602023671,0
36,7.421503550451815,0
47,9.792919745894812,0
48,8.293545599852818,0
49,9.387350062943028,0
3,11.92364833952473,47.49836841997739,2
2,3.7233982376848616,0
5,6.813589570185177,0
4,8.736016517892962,47.68267761160739,1
2,6.909495662027067,0
5,5.123295374239252,47.073865912953906,2
3,6.813589570185177,0
22,7.241089031824312,0
6,-17.84359120644917,47.620656854317645,8
7,3.142238557556215,0
23,3.185436833156245,0
24,3.393499142257516,0
25,6.003220595828079,0
26,6.512692107934064,0
38,7.171130712911173,0
39,8.801914303749463,0
40,8.34023900044271,0
7,-20.904688665764088,46.91118839330707,5
6,3.142238557556215,0
8,7.028736263440454,0
27,7.606161638551964,0
41,9.50363868171762,0
53,8.671520986259598,0
8,-27.905888962628314,47.532741178025425,7
7,7.028736263440454,0
9,3.301124630338119,0
10,6.646113411006531,0
28,4.430312125301554,0
29,6.458897746650415,0
42,5.889117406621968,0
55,8.964307212021392,0
9,-31.188860756821313,47.87845785907825,2
8,3.301124630338119,0
11,6.996680589553772,0
10,-34.54932551316236,47.72135260660062,3
8,6.646113411006531,0
12,7.031224743313878,0
13,9.365523369735868,0
11,-38.184046075381154,47.73381474225838,1
9,6.996680589553772,0
12,-41.50654213458941,46.70387618253543,1
10,7.031224743313878,0
13,-43.91101459110046,47.98931827060096,1
10,9.365523369735868,0
14,47.913655347283616,45.46736373512757,3
0,7.644463056990309,0
43,6.878653481221472,0
44,9.038473132234017,0
15,45.00743665395758,44.884663761013186,1
0,5.256678457748486,0
16,40.41494988706089,43.44164046288476,4
0,4.365386807020392,0
46,6.45309524692944,0
57,9.179677576829468,0
58,8.639758219887062,0
17,37.07501467788183,43.610254300744394,3
0,5.498628192804905,0
1,8.943066365400892,0
59,9.87877804007456,0
18,30.672966676250724,44.51197118932519,1
1,3.398341729518195,0
19,27.18534259899903,44.47965595951211,1
1,3.5084868561043465,0
20,14.223213208986756,44.48298025340619,1
2,2.8308497200679295,0
21,11.410220886464177,44.09886615515378,1
2,5.07500821273353,0
22,-1.51052498847501,44.17114343878522,4
5,7.241089031824312,0
37,2.4930776779701427,0
50,7.173560596203218,0
62,9.324387439386765,0
23,-15.702424538982427,45.26217998986511,2
6,3.185436833156245,0
52,8.259174721197114,0
24,-17.59527262091236,44.23625523681131,3
6,3.393499142257516,0
66,9.411142835238188,0
67,9.64294253796885,0
25,-22.450217550356854,43.771286613643184,4
6,6.003220595828079,0
54,7.333484805416711,0
68,9.760781404373372,0
67,8.934121662685005,0
26,-23.88069764657889,45.177604598779325,1
6,6.512692107934064,0
27,-27.797438329782267,43.69502655954361,1
7,7.606161638551964,0
28,-31.69317980451228,45.2340255351988,1
8,4.430312125301554,0
29,-34.00631114990388,45.41090017581018,1
8,6.458897746650415,0
30,45.05514003447541,41.39643448299226,2
0,7.782622172731779,0
56,7.310773539595529,0
31,41.74060317244827,41.27373660293221,1
0,6.6208667346527825,0
32,38.556576996292584,40.81350294931481,2
0,7.290342076117296,0
72,9.08752205512441,0
33,35.47959031458541,41.11604071786382,1
0,8.441931793802372,0
34,24.916373125658655,41.69956321096038,1
60,6.317871535127302,0
35,14.593909693604767,41.24760368011465,2
2,5.794275602023671,0
61,7.858024396441581,0
36,12.469817373714402,40.22674840983207,2
2,7.421503550451815,0
73,9.523742064566628,0
37,-1.0370369059212508,41.7234413850065,3
22,2.4930776779701427,0
63,8.423574216444655,0
75,9.982185495021511,0
38,-17.15057606249591,40.48309104292863,2
6,7.171130712911173,0
66,5.680842480695031,0
39,-22.369300697605343,40.071375496982476,3
6,8.801914303749463,0
69,8.675393962075733,0
66,7.04810161210184,0
40,-24.090060400637263,42.09424670028775,2
6,8.34023900044271,0
66,9.70318143005033,0
41,-28.924540346927685,41.812058349390085,1
7,9.50363868171762,0
42,-30.37233589943602,42.184999286638956,1
8,5.889117406621968,0
43,47.77776449900088,38.59005267686699,3
14,6.878653481221472,0
70,8.729824873918853,0
71,9.823558881302732,0
44,43.79438823946479,37.422139371782684,3
14,9.038473132234017,0
78,9.459256899301424,0
79,9.641917367569874,0
45,40.2494064521679,38.48192320492692,1
0,9.327534562032875,0
46,37.10659438849977,37.90113307085976,1
16,6.45309524692944,0
47,17.158502080062814,37.28344471126447,1
2,9.792919745894812,0
48,14.58226949013094,38.72263889292042,1
2,8.293545599852818,0
49,12.496419702041592,38.09558751950902,1
2,9.387350062943028,0
50,-1.7088772642672727,37.000325633117065,8
22,7.173560596203218,0
51,3.8403794014397064,0
64,7.709868422172703,0
65,9.231648265435279,0
74,6.855198849024031,0
82,9.541191895998256,0
83,8.320621553395616,0
84,8.672496517596208,0
51,-5.542464436828715,36.7720202731827,1
50,3.8403794014397064,0
52,-17.213940998418863,37.14249495483363,3
23,8.259174721197114,0
64,9.234621340463635,0
65,6.583605501318009,0
53,-22.181454175884692,38.334175740447854,2
7,8.671520986259598,0
66,5.721341731493362,0
54,-24.725867005962513,36.79981482165554,2
25,7.333484805416711,0
66,7.334245445913197,0
55,-28.564954349147868,38.59269438800298,2
8,8.964307212021392,0
67,8.790238953144963,0
56,47.30377147087541,34.44006571685545,3
30,7.310773539595529,0
77,6.854369179367934,0
88,9.85984302980651,0
57,43.37303336049161,34.75163341002446,3
16,9.179677576829468,0
80,9.81169266639074,0
90,9.21157301318683,0
58,40.359374875340755,34.80206098722865,1
16,8.639758219887062,0
59,36.912558085679905,33.7328121510424,2
17,9.87877804007456,0
91,9.238147231998276,0
60,24.34908862022383,35.40721158185816,1
34,6.317871535127302,0
61,12.17060775034505,33.77256822154559,3
35,7.858024396441581,0
81,6.206555505850011,0
92,9.325914764743771,0
62,-0.9336189479904071,34.864619891281244,4
22,9.324387439386765,0
64,7.81861045190713,0
65,9.91595751708359,0
94,9.143658662575382,0
63,-4.126097580433814,33.88671332227961,2
37,8.423574216444655,0
95,9.803813470379378,0
64,-8.659499874130846,33.66402282574644,4
50,7.709868422172703,0
52,9.234621340463635,0
62,7.81861045190713,0
66,9.077487884154776,0
65,-10.825869719403915,35.54988491743933,4
50,9.231648265435279,0
52,6.583605501318009,0
62,9.91595751708359,0
67,9.708263159983256,0
66,-17.66239393030425,34.82535176291038,8
24,9.411142835238188,0
64,9.077487884154776,0
38,5.680842480695031,0
39,7.04810161210184,0
40,9.70318143005033,0
53,5.721341731493362,0
54,7.334245445913197,0
68,6.701416619025448,0
67,-20.521146897283458,35.04791477133883,4
24,9.64294253796885,0
65,9.708263159983256,0
25,8.934121662685005,0
55,8.790238953144963,0
68,-24.33400499371642,34.19401150575358,2
25,9.760781404373372,0
66,6.701416619025448,0
69,-28.147568510919566,33.60035691604509,1
39,8.675393962075733,0
70,44.2828740500012,30.590328739206196,4
43,8.729824873918853,0
89,6.1374390113606925,0
97,9.38848956804037,0
98,9.160828715314082,0
71,42.19700696782873,30.505656937376802,3
43,9.823558881302732,0
99,9.584032786640984,0
100,9.310352106496868,0
72,38.14765965486287,31.735185720320736,1
32,9.08752205512441,0
73,11.08643576893005,30.80401429239354,2
36,9.523742064566628,0
108,9.668309409620182,0
74,1.753028713606932,31.08348878729993,3
50,6.855198849024031,0
93,7.3748069679232096,0
110,9.229414202896443,0
75,-2.200677192094641,31.809311642996256,2
37,9.982185495021511,0
111,9.932445292555798,0
76,-43.73495239441185,32.01722049230173,5
85,4.409096408101145,0
86,3.494864676402464,0
87,6.188048787068366,0
96,7.453129863038291,0
119,9.881564462661315,0
77,46.86271401437903,27.59990159841955,1
56,6.854369179367934,0
78,43.94268026106045,27.964044925050157,1
44,9.459256899301424,0
79,41.593492626694456,28.034773978620773,2
44,9.641917367569874,0
101,9.150013435637872,0
80,36.8795512447873,27.39609107837181,1
57,9.81169266639074,0
81,11.772775376480903,27.578776115775273,2
61,6.206555505850011,0
108,6.396485804156154,0
82,1.027851643570404,27.860048958898258,2
50,9.541191895998256,0
109,6.774954175078325,0
83,-1.0262165328830428,28.707755623725667,1
50,8.320621553395616,0
84,-3.99874411212249,28.635595770963,1
50,8.672496517596208,0
85,-41.957326159981875,27.982350468794564,2
76,4.409096408101145,0
120,8.463622164864923,0
86,-43.580899392706144,28.525752781004496,1
76,3.494864676402464,0
87,-47.530801665783734,27.130148147823515,3
76,6.188048787068366,0
124,9.602320195014613,0
125,9.876705105430252,0
88,47.396332072034824,24.580657159161078,2
56,9.85984302980651,0
121,7.662178439330347,0
89,45.26008377602039,24.531185336913623,1
70,6.1374390113606925,0
90,41.72361386729577,25.68893553837843,1
57,9.21157301318683,0
91,37.022964343114644,24.495324682125506,2
59,9.238147231998276,0
102,6.11158356192945,0
92,11.67714284999517,24.459718035303542,3
61,9.325914764743771,0
107,5.21632369657555,0
108,3.298808611774631,0
93,1.2602509025442616,23.725163716806442,1
74,7.3748069679232096,0
94,-0.5969631717819435,25.72716091046851,1
62,9.143658662575382,0
95,-4.123428529014817,24.082900215219855,1
63,9.803813470379378,0
96,-43.4639614490494,24.569018785658393,2
76,7.453129863038291,0
133,9.921828278517712,0
97,47.16568176491167,21.65538855764619,4
70,9.38848956804037,0
126,7.648989686538822,0
127,7.935678413454839,0
134,9.710344015677,0
98,45.37384454584179,21.49469428478091,1
70,9.160828715314082,0
99,40.87445820284132,21.013315328498642,1
71,9.584032786640984,0
100,38.670339951455766,21.889087080259777,1
71,9.310352106496868,0
101,35.19419592385496,21.494762695650294,3
79,9.150013435637872,0
103,7.164280420326197,0
104,9.955435298514892,0
102,32.17030400776196,20.780066776657694,1
91,6.11158356192945,0
103,28.03390847321394,21.73392282038267,3
101,7.164280420326197,0
105,6.766100374010126,0
106,8.920362989184685,0
104,25.250934890645468,21.98695372398581,1
101,9.955435298514892,0
105,21.2682711552088,21.654765051362965,3
103,6.766100374010126,0
107,6.048628982721527,0
108,9.148371170325214,0
106,19.127731288052658,22.236798357000392,1
103,8.920362989184685,0
107,15.295144682319535,20.702046462540277,2
92,5.21632369657555,0
105,6.048628982721527,0
108,12.131593484754122,21.192362395388344,4
73,9.668309409620182,0
105,9.148371170325214,0
81,6.396485804156154,0
92,3.298808611774631,0
109,1.3024215622105457,21.09066084517711,1
82,6.774954175078325,0
110,-0.6298682437609142,22.16699347696675,2
74,9.229414202896443,0
112,8.770195403983317,0
111,-4.125973825737364,22.065251792908214,2
75,9.932445292555798,0
113,7.98601134275053,0
112,-9.20918949268996,20.347220323047654,3
110,8.770195403983317,0
114,6.096777906299149,0
115,8.600634857069544,0
113,-11.950368266063576,20.46674348553775,1
111,7.98601134275053,0
114,-15.305650046368564,20.409426079840838,2
112,6.096777906299149,0
116,6.847774236614951,0
115,-17.663692243589978,21.92592332857583,2
112,8.600634857069544,0
117,7.9163064459854935,0
116,-22.153369534899422,20.382043566403187,5
114,6.847774236614951,0
118,6.513088738163871,0
122,3.2767653923110203,0
123,7.4249378198485285,0
129,8.952182824255056,0
117,-25.535302287653952,21.085885793139088,4
115,7.9163064459854935,0
128,6.709521849475083,0
130,8.601203585950202,0
142,9.018033483930383,0
118,-28.657979633382034,20.71426695196639,2
116,6.513088738163871,0
143,9.366980492947972,0
119,-45.05099344957591,22.22368424787737,3
76,9.881564462661315,0
131,8.292463092314676,0
132,8.378548144092226,0
120,-47.94878437203118,22.00444710366229,2
85,8.463622164864923,0
149,9.663787233582973,0
121,44.210325425805046,17.6122757053141,3
88,7.662178439330347,0
135,7.135026504424637,0
151,8.775831498208104,0
122,-24.185774143800913,17.81172783833335,3
116,3.2767653923110203,0
144,9.288747563486028,0
168,9.642817878042916,0
123,-28.954823009637444,17.403800416559456,3
116,7.4249378198485285,0
169,9.943942317428883,0
170,8.90319479669678,0
124,-44.93922372752083,17.884161076802137,5
87,9.602320195014613,0
147,7.2162996141756315,0
148,6.5089300409458035,0
174,9.698861414430116,0
149,6.289392228288996,0
125,-46.74770165057687,17.284537039018993,2
87,9.876705105430252,0
147,7.7204074763886625,0
126,47.04365028595665,14.007372374156429,5
97,7.648989686538822,0
150,6.694328427735376,0
152,7.333577218802663,0
175,9.478670886863936,0
176,9.385413395579642,0
127,45.15332088919274,13.979100679534215,1
97,7.935678413454839,0
128,-24.707593675362848,14.42761410284868,3
117,6.709521849475083,0
193,8.898872256642324,0
168,6.290171111935773,0
129,-28.248597401336394,13.82538476979821,5
116,8.952182824255056,0
167,9.598323062685509,0
171,7.816037255956459,0
194,9.150137020267627,0
168,7.030429442957787,0
130,-30.993599925703464,14.43850360001782,2
117,8.601203585950202,0
168,9.338060104075069,0
131,-42.06298535054874,14.488262362967076,5
119,8.292463092314676,0
172,7.225555698843485,0
173,7.246276154940676,0
197,9.90714352006537,0
147,3.0816007082086685,0
132,-45.07458603659526,13.845169320236014,4
119,8.378548144092226,0
146,7.065085836115676,0
198,9.733397037037614,0
147,4.136195275981928,0
133,-47.57999336343681,15.541230702847741,2
96,9.921828278517712,0
147,7.160932089115054,0
134,47.67581814308695,11.958453898772989,2
97,9.710344015677,0
136,7.088431533540623,0
135,44.45687474840373,10.481510202903564,8
121,7.135026504424637,0
137,9.919237017143578,0
153,7.094394541024459,0
177,7.382567784447632,0
178,8.880990476462147,0
199,9.752353085235436,0
200,8.869843239870002,0
201,8.529414011359316,0
136,40.71211258325639,10.634570791516897,6
134,7.088431533540623,0
138,9.404740086471525,0
154,7.288887952494301,0
155,8.871496876722343,0
179,8.197419432916353,0
202,9.914862722147813,0
137,34.54016487449328,10.705403657382309,5
135,9.919237017143578,0
156,6.635472042319063,0
157,9.51004960531315,0
180,9.094921760917387,0
203,8.387628612834483,0
138,31.310961340402972,10.894361867345198,4
136,9.404740086471525,0
139,9.962751375507295,0
158,9.590362147407628,0
181,9.4087299687249,0
139,21.348210892702156,10.898661519621584,7
138,9.962751375507295,0
159,4.498593076591013,0
160,7.658456582311225,0
182,6.085057413963024,0
183,7.009584154645877,0
184,9.792287246937638,0
204,8.722201831143472,0
140,-1.9252295071227978,10.887022619715513,2
162,1.9178710660465303,0
164,9.310481817402147,0
141,-14.12472453773962,10.814573621672546,12
163,6.28252042528133,0
164,3.5414274517196187,0
165,3.25598099977301,0
166,4.796198246120217,0
167,7.298427295902309,0
187,8.378031860011822,0
188,6.301448702809816,0
189,6.594464691349725,0
190,7.887535731646105,0
191,9.592227545394136,0
208,9.850924487059585,0
209,8.247999670819398,0
142,-23.892255223592297,12.218793583030527,8
117,9.018033483930383,0
166,6.75600954931985,0
167,5.404857303598544,0
190,9.629116286547525,0
191,8.609296167910479,0
192,8.227842602798814,0
210,9.961114923577828,0
168,4.053235018827097,0
143,-28.62007473670654,11.347363153267706,6
118,9.366980492947972,0
145,6.0408650616790975,0
195,9.618604485335723,0
212,9.088760672115505,0
213,9.443144912804875,0
168,5.547759809604492,0
144,-31.57346496006537,12.181198937648315,5
122,9.288747563486028,0
146,7.469174431640715,0
172,8.364102218543653,0
173,9.889435792390351,0
196,9.786186349905929,0
145,-34.55435807401347,12.477111782820531,3
143,6.0408650616790975,0
147,7.242098159527035,0
148,9.990098464862024,0
146,-38.85116874332857,10.500843518889575,7
132,7.065085836115676,0
144,7.469174431640715,0
149,9.244017997961024,0
174,5.832969926302423,0
214,9.370012143703713,0
215,8.861087048530775,0
216,9.107043558112677,0
147,-41.71974756235363,11.425836731937467,6
124,7.2162996141756315,0
145,7.242098159527035,0
125,7.7204074763886625,0
131,3.0816007082086685,0
132,4.136195275981928,0
133,7.160932089115054,0
148,-44.48524959172901,11.391081856435362,2
124,6.5089300409458035,0
145,9.990098464862024,0
149,-47.91023390473775,12.340736762523505,3
120,9.663787233582973,0
146,9.244017997961024,0
124,6.289392228288996,0
150,47.130234455505104,7.313603907890988,2
126,6.694328427735376,0
217,9.055532002278229,0
151,44.600764191069494,8.845133864581726,1
121,8.775831498208104,0
152,41.52899125156818,9.17313090743396,1
126,7.333577218802663,0
153,37.470530008749954,9.248051211923444,2
135,7.094394541024459,0
218,9.97575285862627,0
154,34.22976705998129,7.301841564458113,2
136,7.288887952494301,0
219,8.321689153278399,0
155,31.942636119424808,9.29302713438226,1
136,8.871496876722343,0
156,28.923352198249688,7.172571283155189,1
137,6.635472042319063,0
157,25.572723683106616,7.539011076772862,1
137,9.51004960531315,0
158,21.943609808942725,8.838207348716209,1
138,9.590362147407628,0
159,17.18488960122595,9.194520829216739,5
139,4.498593076591013,0
161,5.653006242812957,0
185,7.618646541847097,0
205,8.044943027023033,0
206,9.392924833291392,0
160,13.8672126319767,9.259569622817489,1
139,7.658456582311225,0
161,11.67215803513787,7.943013633257272,2
159,5.653006242812957,0
221,9.70768228096325,0
162,-1.969934028232851,8.96967264337557,1
140,1.9178710660465303,0
163,-8.589706994430967,7.842428993740966,3
141,6.28252042528133,0
207,5.9917319672747045,0
226,8.625452695813266,0
164,-11.053082630024562,9.051983372476236,2
140,9.310481817402147,0
141,3.5414274517196187,0
165,-15.032121328445397,7.6875873193201185,2
141,3.25598099977301,0
168,9.05334347123233,0
166,-18.29185522032988,8.44001271693637,3
141,4.796198246120217,0
142,6.75600954931985,0
211,9.210468973889776,0
167,-20.77352152421475,7.804500594948588,3
129,9.598323062685509,0
141,7.298427295902309,0
142,5.404857303598544,0
168,-24.072625574178605,8.169573824302226,9
122,9.642817878042916,0
165,9.05334347123233,0
128,6.290171111935773,0
129,7.030429442957787,0
130,9.338060104075069,0
142,4.053235018827097,0
143,5.547759809604492,0
169,3.9852246209477182,0
170,6.686266583148055,0
169,-28.002148712434412,7.5055985346113205,2
123,9.943942317428883,0
168,3.9852246209477182,0
170,-30.739283675597175,8.68126765826206,2
123,8.90319479669678,0
168,6.686266583148055,0
171,-33.75989889743609,8.283183563996616,1
129,7.816037255956459,0
172,-38.83203729960354,8.025319546479917,3
131,7.225555698843485,0
144,8.364102218543653,0
227,9.913525228996704,0
173,-40.267500156724225,7.467952467213273,2
131,7.246276154940676,0
144,9.889435792390351,0
174,-44.216424570664174,8.21227014921364,2
124,9.698861414430116,0
146,5.832969926302423,0
175,46.87134039714333,4.53026780136105,1
126,9.478670886863936,0
176,44.80036420648899,4.89399472524972,1
126,9.385413395579642,0
177,40.595909407077436,4.189034241484151,1
135,7.382567784447632,0
178,37.70579455169072,4.711336200279307,1
135,8.880990476462147,0
179,34.966330583018966,4.787890146492554,1
136,8.197419432916353,0
180,27.569964391669004,4.8629806098407435,1
137,9.094921760917387,0
181,24.03197509032322,4.932771576530849,1
138,9.4087299687249,0
182,22.02641192807078,4.8515161528513016,1
139,6.085057413963024,0
183,19.12559813413774,4.250784975451316,3
139,7.009584154645877,0
220,5.646986908312815,0
228,9.111415477720586,0
184,14.479125540599268,3.919796572363823,4
139,9.792287246937638,0
222,7.467293001366753,0
229,9.411308488774786,0
230,8.403430271354482,0
185,10.991745743853343,4.757320778341563,1
159,7.618646541847097,0
186,1.8356982403683288,4.28456556882791,1
231,8.876046798255723,0
187,-7.813773268843674,5.304282165769893,2
141,8.378031860011822,0
226,6.180907794295836,0
188,-11.11723517833537,5.2771316574426965,2
141,6.301448702809816,0
226,6.439900723787408,0
189,-14.715203022710863,4.246598307753933,1
141,6.594464691349725,0
190,-18.492046208891235,4.246490085458688,2
141,7.887535731646105,0
142,9.629116286547525,0
191,-20.98857067876117,4.113943394969868,2
141,9.592227545394136,0
142,8.609296167910479,0
192,-24.542143649941263,4.016657341189086,1
142,8.227842602798814,0
193,-27.047187286605364,5.841798522819509,1
128,8.898872256642324,0
194,-31.66479586656339,5.336886932380047,1
129,9.150137020267627,0
195,-34.803841939035536,3.9799636505448697,2
143,9.618604485335723,0
235,8.908482223091712,0
196,-38.13167267236976,4.917635426715382,2
144,9.786186349905929,0
236,9.785638650216626,0
197,-42.037891168539424,4.581150623958448,1
131,9.90714352006537,0
198,-47.576867361739325,4.43891575941554,1
132,9.733397037037614,0
199,46.71248346312521,0.9935905138898754,1
135,9.752353085235436,0
200,45.428958788035004,1.6650953011557046,1
135,8.869843239870002,0
201,41.764029272074644,2.3883348917054543,1
135,8.529414011359316,0
202,38.20557670550162,1.0417724149969108,1
136,9.914862722147813,0
203,33.973893505150805,2.336912127655897,1
137,8.387628612834483,0
204,18.67534893386542,2.5960948241829986,2
139,8.722201831143472,0
237,9.987911830450876,0
205,14.23057064061839,1.7116665751876534,1
159,8.044943027023033,0
206,12.569210149796024,1.0139010406243336,1
159,9.392924833291392,0
207,-8.735984303739338,1.8524828406905811,2
163,5.9917319672747045,0
234,7.4840509730762905,0
208,-11.76871923324855,1.249535605283897,1
141,9.850924487059585,0
209,-14.307299763429647,2.568594913429288,1
141,8.247999670819398,0
210,-21.23513887795426,2.618609040717392,1
142,9.961114923577828,0
211,-24.840137573758298,1.962919469285525,1
166,9.210468973889776,0
212,-28.849688775326435,2.261503372913282,1
143,9.088760672115505,0
213,-31.802884528295937,2.456766566154148,1
143,9.443144912804875,0
214,-35.390264701273594,1.793417332877856,3
146,9.370012143703713,0
243,9.36321958210906,0
244,9.42290037971787,0
215,-38.0892054961184,1.6725777950035534,2
146,8.861087048530775,0
245,9.990221042821382,0
216,-40.512969355732984,1.5467013995140984,1
146,9.107043558112677,0
217,44.148285771161646,-1.2368722126667135,1
150,9.055532002278229,0
218,37.729180058750366,-0.7243479601928122,1
153,9.97575285862627,0
219,35.08291945171547,-0.9759988157539632,1
154,8.321689153278399,0
220,17.958829642427798,-1.2743496319052547,2
183,5.646986908312815,0
238,7.913415672379761,0
221,14.92819009794306,-1.202332203511965,2
161,9.70768228096325,0
239,8.644915333695902,0
222,10.850670874945665,-2.606671194166361,2
184,7.467293001366753,0
249,8.406649390090864,0
223,0.592783149969955,-1.3025708720116256,9
224,2.8722302123025107,0
225,6.000856499048265,0
231,3.3989346786238417,0
232,4.588235782244433,0
233,6.150650992909738,0
234,9.25582829605329,0
240,7.184593827854932,0
241,8.693745191739984,0
250,9.77043071875402,0
224,-1.9705293615343946,-2.5983854269648363,5
223,2.8722302123025107,0
226,7.185145256487738,0
242,8.758834880293216,0
251,8.482088959071456,0
252,9.20476857130968,0
225,-5.4023416477322845,-1.5647871608753738,2
223,6.000856499048265,0
253,9.70823292209933,0
226,-8.920899106091577,-0.7766629533777178,4
163,8.625452695813266,0
224,7.185145256487738,0
187,6.180907794295836,0
188,6.439900723787408,0
227,-36.94364713640409,-1.7066877006138552,1
172,9.913525228996704,0
228,18.28374132902812,-4.821655111280416,3
183,9.111415477720586,0
247,7.414010458529791,0
248,8.454191500783642,0
229,15.300044593080699,-5.455640451058462,1
184,9.411308488774786,0
230,12.221053717540146,-4.174568873267065,1
184,8.403430271354482,0
231,1.4778002911300927,-4.584262754167002,2
186,8.876046798255723,0
223,3.3989346786238417,0
232,-2.2646253666179215,-4.892434958965233,1
223,4.588235782244433,0
233,-4.852380672500393,-4.162762925535594,1
223,6.150650992909738,0
234,-7.631166617392681,-5.549570715420709,4
207,7.4840509730762905,0
223,9.25582829605329,0
265,9.60711295272201,0
266,9.291134896559354,0
235,-37.032421827632504,-4.645260242159723,5
195,8.908482223091712,0
254,7.649891402069008,0
255,8.275694493360458,0
267,9.515093003567955,0
268,9.27087000716379,0
236,-41.84041657146013,-4.137967396044318,1
196,9.785638650216626,0
237,18.772030187939976,-7.391349066421401,3
204,9.987911830450876,0
260,7.887182785330187,0
261,8.927561404233302,0
238,15.478020223194477,-8.788851094364947,5
220,7.913415672379761,0
262,8.175857618159958,0
271,9.076015306617405,0
272,9.618125605868356,0
273,9.817699354607011,0
239,11.498150146252664,-9.13765746821147,1
221,8.644915333695902,0
240,-2.5746058540564456,-7.751294417677375,3
223,7.184593827854932,0
263,8.213239612154885,0
264,7.439975991343436,0
241,-4.269107719323747,-8.509735545722128,1
223,8.693745191739984,0
242,-8.275944749849835,-8.67777069531524,2
224,8.758834880293216,0
277,8.972309680450786,0
243,-35.13024160239573,-7.56619104198701,2
214,9.36321958210906,0
269,9.939154260882336,0
244,-37.06968030455712,-7.478616683320263,1
214,9.42290037971787,0
245,-41.02290780147827,-7.8771817447941554,1
215,9.990221042821382,0
246,47.56039962129318,-12.500211206964947,3
256,3.4216303957737693,0
257,6.5585192045205645,0
280,8.219337183711282,0
247,17.262779062657152,-12.16503220426943,3
228,7.414010458529791,0
282,8.466235291995131,0
283,8.800310846177887,0
248,14.134687471773269,-12.18770602214989,2
228,8.454191500783642,0
284,8.927715075902526,0
249,11.853701958115085,-10.953268262080393,1
222,8.406649390090864,0
250,1.4473563997608156,-11.035557103930072,4
223,9.77043071875402,0
274,7.448718903705141,0
275,8.25891835151551,0
285,9.357550375789645,0
251,-2.2562776150822574,-11.075659814714488,2
224,8.482088959071456,0
276,8.281512118247287,0
252,-5.374582539052563,-11.15058902697337,1
224,9.20476857130968,0
253,-7.411799272884785,-11.062779923688462,1
225,9.70823292209933,0
254,-38.831024485782656,-12.08070689596234,6
235,7.649891402069008,0
278,5.929408178990304,0
279,7.145063497904007,0
293,9.272848239976868,0
294,9.02130921161919,0
295,9.948934853236699,0
255,-41.706835520097854,-11.474387271226401,1
235,8.275694493360458,0
256,44.54885286438865,-14.124446625942372,2
246,3.4216303957737693,0
258,7.461005928296843,0
257,41.670003219045014,-15.38420225765268,2
246,6.5585192045205645,0
259,7.585054750556527,0
258,37.09270175909948,-13.855336690830935,3
256,7.461005928296843,0
270,5.899410776941479,0
281,8.020657599863956,0
259,34.26361193871643,-13.747613191450402,1
257,7.585054750556527,0
260,18.55653562233655,-15.275587417803495,3
237,7.887182785330187,0
301,8.484634009498006,0
302,9.263983041748226,0
261,15.406138267365579,-15.660092877023352,2
237,8.927561404233302,0
301,8.704574140778071,0
262,11.218698206482541,-15.767591937122843,2
238,8.175857618159958,0
303,9.630905109815286,0
263,0.7909505755629848,-15.243312493317438,2
240,8.213239612154885,0
286,7.250184307182445,0
264,-2.5778401558132478,-15.19126970601395,2
240,7.439975991343436,0
287,8.489319406822338,0
265,-4.99686383131995,-14.788459616021715,1
234,9.60711295272201,0
266,-7.505820472144881,-14.839860054829602,1
234,9.291134896559354,0
267,-35.52905782523839,-14.0408385395746,1
235,9.515093003567955,0
268,-37.37701438985652,-13.909723888577092,1
235,9.27087000716379,0
269,-40.956014013864234,-15.618964677908235,3
243,9.939154260882336,0
312,9.124373177026301,0
293,7.906500058635738,0
270,34.35534318840174,-19.081225665017136,2
258,5.899410776941479,0
297,6.521072052271021,0
271,17.51303157988232,-17.633780863679394,2
238,9.076015306617405,0
318,9.468563661399184,0
272,15.202146092023279,-18.403019474105914,4
238,9.618125605868356,0
300,8.895144856337645,0
319,9.279200624137939,0
318,9.254075564129757,0
273,12.2566773552572,-18.06301794344851,1
238,9.817699354607011,0
274,1.162978853273176,-18.478845538316314,2
250,7.448718903705141,0
304,6.966152240885738,0
275,-0.6601848485727171,-19.02104407865944,1
250,8.25891835151551,0
276,-5.617591843548789,-18.644345937297793,4
251,8.281512118247287,0
288,7.149805608463828,0
305,8.565435770052252,0
306,9.829424228759777,0
277,-8.600722051652497,-17.644200347420067,2
242,8.972309680450786,0
320,9.675432761133427,0
278,-37.38020026136576,-17.82987991674735,4
254,5.929408178990304,0
309,9.345671706625975,0
310,6.8531345043452045,0
311,7.649581975603272,0
279,-41.305710088863194,-18.783531938807048,2
254,7.145063497904007,0
326,9.961648919706002,0
280,46.68876516782507,-20.673200691790328,3
246,8.219337183711282,0
296,3.111434533746974,0
315,7.1071058438689665,0
281,34.23933215919249,-21.351284280067542,1
258,8.020657599863956,0
282,17.468582091222842,-20.62876572635394,2
247,8.466235291995131,0
300,5.738005420593862,0
283,15.721978097152542,-20.829407737108262,2
247,8.800310846177887,0
300,6.813642203123142,0
284,12.278784346112275,-20.920387171983485,2
248,8.927715075902526,0
300,9.6770152531432,0
285,1.6495528475518555,-20.390922710465265,1
250,9.357550375789645,0
286,-2.526959001191981,-21.68975713580001,1
263,7.250184307182445,0
287,-8.763298979383068,-21.00578973203266,5
264,8.489319406822338,0
289,6.514782428526619,0
290,8.76281346743655,0
307,9.536821210296324,0
321,9.129303310647195,0
288,-11.924599441309448,-22.012041796577567,2
276,7.149805608463828,0
322,7.859278485358642,0
289,-15.236391001040756,-21.74163602725386,1
287,6.514782428526619,0
290,-17.52068496767579,-20.697422228651337,1
287,8.76281346743655,0
291,-28.31294234257392,-21.43792716893904,6
292,2.004315155480151,0
293,6.394865180296786,0
308,3.836816331533073,0
323,6.2742676848017584,0
324,9.466012578732574,0
294,9.469407829960732,0
292,-30.312825366604283,-21.571145533598678,2
291,2.004315155480151,0
328,9.643906505489895,0
293,-34.61258278109284,-20.33845865208675,4
254,9.272848239976868,0
291,6.394865180296786,0
269,7.906500058635738,0
325,8.950101940291077,0
294,-37.77398025721245,-21.039874122356302,4
254,9.02130921161919,0
291,9.469407829960732,0
327,9.307191144363223,0
329,9.408811434946694,0
295,-40.65645991219902,-21.86074218311402,2
254,9.948934853236699,0
330,9.276720127002092,0
296,46.80809718299796,-23.782346029008906,1
280,3.111434533746974,0
297,35.07089550082202,-25.562920319897152,5
270,6.521072052271021,0
298,4.554383340786413,0
299,8.063538889857037,0
316,5.938517982498268,0
317,4.9146714178607,0
298,30.5468170664317,-25.0383996488867,2
297,4.554383340786413,0
300,9.576954164309303,0
299,27.0483269426012,-24.751099430240085,2
297,8.063538889857037,0
318,8.856700000289782,0
300,20.97082272007626,-25.173984839265106,8
272,8.895144856337645,0
298,9.576954164309303,0
282,5.738005420593862,0
283,6.813642203123142,0
284,9.6770152531432,0
301,2.766035146170636,0
302,6.469796464129447,0
303,9.063480048535451,0
301,18.59342989859255,-23.76014121205277,3
260,8.484634009498006,0
300,2.766035146170636,0
261,8.704574140778071,0
302,14.67426067621802,-23.6868490972746,2
260,9.263983041748226,0
300,6.469796464129447,0
303,11.909543034084027,-25.373687223889597,2
262,9.630905109815286,0
300,9.063480048535451,0
304,0.9765355873218642,-25.442502332830156,1
274,6.966152240885738,0
305,-11.643329162981598,-24.731806794509552,1
276,8.565435770052252,0
306,-13.745236701875923,-24.172362735919,1
276,9.829424228759777,0
307,-17.183623166098535,-25.483411800471707,1
287,9.536821210296324,0
308,-28.649229256802375,-25.25997775380021,1
291,3.836816331533073,0
309,-31.113591754418856,-24.7632194777879,1
278,9.345671706625975,0
310,-34.28302525311016,-23.943222660523762,1
278,6.8531345043452045,0
311,-37.49832402293677,-25.478549812776773,5
278,7.649581975603272,0
313,7.263188962004463,0
314,9.458801271066962,0
331,9.134344554842206,0
333,8.89322705229864,0
312,-40.193028336616095,-24.711381228526186,2
269,9.124373177026301,0
332,9.17871172101292,0
313,-44.75905580283876,-25.667462274262974,2
311,7.263188962004463,0
335,8.962031177390624,0
314,-46.94576597520647,-25.015125553558,1
311,9.458801271066962,0
315,46.67754037113468,-27.78029767156313,1
280,7.1071058438689665,0
316,40.58148451100088,-27.776380188372578,1
297,5.938517982498268,0
317,30.462993217917347,-27.27208142896172,1
297,4.9146714178607,0
318,18.495519344886965,-27.05123357667909,3
271,9.468563661399184,0
299,8.856700000289782,0
272,9.254075564129757,0
319,15.020004191540433,-27.6804322897076,1
272,9.279200624137939,0
320,-11.394056828743828,-26.907638150865726,1
277,9.675432761133427,0
321,-15.133870335532142,-27.54490278611016,1
287,9.129303310647195,0
322,-17.342879081967546,-27.705064196502864,1
288,7.859278485358642,0
323,-28.731836390659172,-27.698195753994028,1
291,6.2742676848017584,0
324,-35.09638728265742,-28.040219868113994,4
291,9.466012578732574,0
334,8.97320647169844,0
352,9.393673682985266,0
353,9.8542940112538,0
325,-37.43511444659844,-28.8318466532804,2
293,8.950101940291077,0
352,9.226340690220718,0
326,-40.623564923513634,-28.72179774189714,2
279,9.961648919706002,0
353,8.823548203714024,0
327,-44.45613287847345,-27.518503865125062,1
294,9.307191144363223,0
328,-34.60329248832109,-30.208090859586182,2
292,9.643906505489895,0
352,7.184162851435948,0
329,-38.45546697103283,-30.42397282586907,3
294,9.408811434946694,0
354,8.673337361365167,0
352,8.29093223040876,0
330,-40.75980029807744,-31.136886698987638,2
295,9.276720127002092,0
352,9.252615537486502,0
331,-43.989897521437086,-31.9047247217054,2
311,9.134344554842206,0
353,7.685648965603301,0
332,-47.34459260614711,-30.46497813448226,1
312,9.17871172101292,0
333,-37.25163499164441,-34.36835475583241,6
311,8.89322705229864,0
365,8.2018607474765,0
366,7.390388982727691,0
367,8.15756016608258,0
380,9.755459300535428,0
352,4.483190840686091,0
334,-40.696849535170635,-35.0511582462418,2
324,8.97320647169844,0
381,8.987771345117135,0
335,-43.93038113356092,-34.59109948769892,2
313,8.962031177390624,0
353,6.059669544059081,0
336,28.494972700056927,-38.77023058138693,2
337,4.435118091931936,0
338,7.5163120453757815,0
337,24.07392394162515,-38.417242812546675,3
336,4.435118091931936,0
339,6.936184384562753,0
340,9.42821759091034,0
338,21.012931709652186,-38.05328610559798,2
336,7.5163120453757815,0
341,9.369120693324547,0
339,17.26305119309569,-37.10473901446038,2
337,6.936184384562753,0
342,9.12897625301421,0
340,14.725162440401355,-37.19579067071427,2
337,9.42821759091034,0
343,9.958715237458163,0
341,11.64475099421131,-37.920573450120315,3
338,9.369120693324547,0
344,9.11287281262087,0
358,7.074930848395995,0
342,8.179058115794334,-38.00987834055244,4
339,9.12897625301421,0
359,6.9483199907240705,0
372,6.145183756755737,0
373,9.037206925130135,0
343,4.768876733792701,-37.41575455220765,2
340,9.958715237458163,0
360,7.2109954787616175,0
344,2.573146212938111,-38.78685146056835,7
341,9.11287281262087,0
361,8.163474307423751,0
374,7.654162371225599,0
375,9.798930691107934,0
384,9.654993132472043,0
385,8.608076835204743,0
386,9.009891290771883,0
345,-11.81451425261654,-38.634553226638445,12
346,3.8715184394718976,0
347,6.163310442408078,0
361,7.264011886723491,0
362,5.691178468520251,0
363,2.9844924652524383,0
364,4.24108869763419,0
376,7.969958671493766,0
377,5.106948439786031,0
378,7.322992714021962,0
388,8.641516832267577,0
389,9.730694928301334,0
375,9.435250753716101,0
346,-15.656119633205751,-38.15421675394567,3
345,3.8715184394718976,0
348,6.542325226489145,0
349,8.33955626062614,0
347,-17.894844921753876,-37.626597590985575,2
345,6.163310442408078,0
350,9.245084711085122,0
348,-22.19622004168133,-37.983611899929684,2
346,6.542325226489145,0
351,8.76141797862386,0
349,-23.908513664751034,-36.9516397824946,1
346,8.33955626062614,0
350,-27.12577080809931,-37.11513048946526,2
347,9.245084711085122,0
352,6.790215880700242,0
351,-30.887059043023463,-36.87376396038847,4
348,8.76141797862386,0
353,7.627484520279549,0
354,9.820109850685684,0
366,7.974880712580715,0
352,-33.911610354331316,-37.35887904701501,8
324,9.393673682985266,0
350,6.790215880700242,0
325,9.226340690220718,0
328,7.184162851435948,0
329,8.29093223040876,0
330,9.252615537486502,0
333,4.483190840686091,0
379,8.027121715897422,0
353,-38.50335082659707,-37.286825184147474,5
324,9.8542940112538,0
351,7.627484520279549,0
326,8.823548203714024,0
331,7.685648965603301,0
335,6.059669544059081,0
354,-40.505964712219104,-38.85144219676819,3
329,8.673337361365167,0
351,9.820109850685684,0
390,8.873576095680527,0
355,47.27431285706453,-41.66215261848033,7
356,3.4869556974986007,0
357,5.664703711331152,0
368,2.5207632062105265,0
369,4.386885967665599,0
370,7.025814386202331,0
371,9.182336814212203,0
382,5.89153903609635,0
356,43.78775148384072,-41.71459141196065,2
355,3.4869556974986007,0
383,7.595592892811356,0
357,41.609609169910264,-41.6616292545555,1
355,5.664703711331152,0
358,5.918671376563033,-42.07589037208165,1
341,7.074930848395995,0
359,2.3294453510582556,-41.75970249591393,4
342,6.9483199907240705,0
361,7.466839188637895,0
362,9.641884702684015,0
387,8.885478051092187,0
360,-1.5834645213288963,-40.82840987807938,3
343,7.2109954787616175,0
363,9.479751374084463,0
376,7.717546793299843,0
361,-5.1322634561582055,-41.482955056383,3
344,8.163474307423751,0
345,7.264011886723491,0
359,7.466839188637895,0
362,-7.306149936074128,-42.10790370562492,2
345,5.691178468520251,0
359,9.641884702684015,0
363,-11.038223564786442,-41.516317971224105,2
345,2.9844924652524383,0
360,9.479751374084463,0
364,-14.900382123216351,-41.543892125151345,1
345,4.24108869763419,0
365,-34.658293848197545,-42.14942803878647,1
333,8.2018607474765,0
366,-37.19087811609301,-41.758493991198414,2
333,7.390388982727691,0
351,7.974880712580715,0
367,-40.79879071328244,-41.71433829445457,1
333,8.15756016608258,0
368,46.821627068530276,-44.14193541514698,1
355,2.5207632062105265,0
369,43.82244543822063,-44.369435355104876,1
355,4.386885967665599,0
370,40.89909460115255,-44.61489032759948,1
355,7.025814386202331,0
371,38.87933527301087,-45.38232206796421,1
355,9.182336814212203,0
372,5.59686758207444,-43.586219027047655,1
342,6.145183756755737,0
373,1.5019558694835657,-44.09982206770886,1
342,9.037206925130135,0
374,-2.189610237179336,-44.77870865195322,1
344,7.654162371225599,0
375,-4.931281533705665,-45.0878519275212,2
344,9.798930691107934,0
345,9.435250753716101,0
376,-7.7389130706635925,-45.48362004124775,2
345,7.969958671493766,0
360,7.717546793299843,0
377,-12.1026418510571,-43.73336729008985,1
345,5.106948439786031,0
378,-15.101300771105475,-45.178501321748776,1
345,7.322992714021962,0
379,-33.81969662460069,-45.385474521319104,1
352,8.027121715897422,0
380,-36.82923983245729,-44.114665262577944,1
333,9.755459300535428,0
381,-41.60331099517303,-43.993102183308224,1
334,8.987771345117135,0
382,44.51091971005367,-46.865410302748955,1
355,5.89153903609635,0
383,38.23328151780888,-46.895411307476856,1
356,7.595592892811356,0
384,5.862461807420144,-47.864257219262825,1
344,9.654993132472043,0
385,1.4274758051882679,-47.318347584789166,1
344,8.608076835204743,0
386,-0.7464721221859423,-47.16290513641327,1
344,9.009891290771883,0
387,-4.812974364742923,-47.04530187533871,1
359,8.885478051092187,0
388,-11.007696662872558,-47.238323245603596,1
345,8.641516832267577,0
389,-14.660686503951613,-47.93969843256616,1
345,9.730694928301334,0
390,-38.84241400863917,-47.56768862412736,1
354,8.873576095680527,0
